Module                           Files    Total     Covered   Missing   %
================================================================================
__init__.py                         1        0        0        0    0.0
jobs                                2       18        0       18    0.0
api_v2_routers                     27     2003      776     1227   38.7
repositories                       17      945      392      553   41.5
api_v2_deps                         5      126       59       67   46.8
api_v2.py                           1      122       61       61   50.0
services                          126     8498     4583     3915   53.9
core                               33     2188     1334      854   61.0
other                               1    22576    13866     8710   61.4
modules                            79     6577     4657     1920   70.8
legacy                              2       13       12        1   92.3
domain                             14     1011      945       66   93.5
security                            3      201      189       12   94.0
models                              5      859      843       16   98.1
middleware                          1       15       15        0  100.0
================================================================================
OVERALL                           317    45152    27732    17420   61.4
